<?xml version="1.0" encoding="UTF-8" standalone="no"?>
<!DOCTYPE svg PUBLIC "-//W3C//DTD SVG 20010904//EN"
              "http://www.w3.org/TR/2001/REC-SVG-20010904/DTD/svg10.dtd">

<svg xmlns="http://www.w3.org/2000/svg"
     width="22.2222in" height="22.2222in"
     viewBox="0 0 2000 2000">
  <path id="Imported Path"
        fill="none" stroke="black" stroke-width="1"
        d="M 1751.31,798.69 C 1751.31,798.69 1201.31,1751.31 1201.31,1751.31 1201.31,1751.31 248.69,1201.31 248.69,1201.31 248.69,1201.31 798.69,248.69 798.69,248.69 798.69,248.69 1751.31,798.69 1751.31,798.69 Z M 1614.71,835.29 C 1614.71,835.29 1164.71,1614.71 1164.71,1614.71 1164.71,1614.71 385.29,1164.71 385.29,1164.71 385.29,1164.71 835.29,385.29 835.29,385.29 835.29,385.29 1614.71,835.29 1614.71,835.29 Z M 1341.51,908.49 C 1341.51,908.49 1091.51,1341.51 1091.51,1341.51 1091.51,1341.51 658.49,1091.51 658.49,1091.51 658.49,1091.51 908.49,658.49 908.49,658.49 908.49,658.49 1341.51,908.49 1341.51,908.49 Z" />
</svg>
