<?xml version="1.0" encoding="UTF-8" standalone="no"?>
<!DOCTYPE svg PUBLIC "-//W3C//DTD SVG 20010904//EN"
              "http://www.w3.org/TR/2001/REC-SVG-20010904/DTD/svg10.dtd">

<svg xmlns="http://www.w3.org/2000/svg"
     width="22.2222in" height="22.2222in"
     viewBox="0 0 2000 2000">
  <path id="Imported Path"
        fill="none" stroke="black" stroke-width="1"
        d="M 1887.92,1237.92 C 1887.92,1237.92 762.08,1887.92 762.08,1887.92 762.08,1887.92 112.08,762.08 112.08,762.08 112.08,762.08 1237.92,112.08 1237.92,112.08 1237.92,112.08 1887.92,1237.92 1887.92,1237.92 Z M 1614.71,1164.71 C 1614.71,1164.71 835.29,1614.71 835.29,1614.71 835.29,1614.71 385.29,835.29 385.29,835.29 385.29,835.29 1164.71,385.29 1164.71,385.29 1164.71,385.29 1614.71,1164.71 1614.71,1164.71 Z M 1478.11,1128.11 C 1478.11,1128.11 871.89,1478.11 871.89,1478.11 871.89,1478.11 521.89,871.89 521.89,871.89 521.89,871.89 1128.11,521.89 1128.11,521.89 1128.11,521.89 1478.11,1128.11 1478.11,1128.11 Z" />
</svg>
