<?xml version="1.0" encoding="UTF-8" standalone="no"?>
<!DOCTYPE svg PUBLIC "-//W3C//DTD SVG 20010904//EN"
              "http://www.w3.org/TR/2001/REC-SVG-20010904/DTD/svg10.dtd">

<svg xmlns="http://www.w3.org/2000/svg"
     width="22.2222in" height="22.2222in"
     viewBox="0 0 2000 2000">
  <path id="Imported Path"
        fill="none" stroke="black" stroke-width="1"
        d="M 1650.00,350.00
           C 1650.00,350.00 1650.00,1650.00 1650.00,1650.00
             1650.00,1650.00 350.00,1650.00 350.00,1650.00
             350.00,1650.00 350.00,350.00 350.00,350.00
             350.00,350.00 1650.00,350.00 1650.00,350.00 Z
           M 1450.00,550.00
           C 1450.00,550.00 1450.00,1450.00 1450.00,1450.00
             1450.00,1450.00 550.00,1450.00 550.00,1450.00
             550.00,1450.00 550.00,550.00 550.00,550.00
             550.00,550.00 1450.00,550.00 1450.00,550.00 Z
           M 1350.00,650.00
           C 1350.00,650.00 1350.00,1350.00 1350.00,1350.00
             1350.00,1350.00 650.00,1350.00 650.00,1350.00
             650.00,1350.00 650.00,650.00 650.00,650.00
             650.00,650.00 1350.00,650.00 1350.00,650.00 Z" />
</svg>
